list(ref=1.00000E+00, narms=3.60000E+01, ntreats=4.00000E+00, ncats=4.00000E+00, nstudies=1.80000E+01, study=c(1.00000E+00, 1.00000E+00, 2.00000E+00, 2.00000E+00, 3.00000E+00, 3.00000E+00, 4.00000E+00, 4.00000E+00, 5.00000E+00, 5.00000E+00, 6.00000E+00, 6.00000E+00, 7.00000E+00, 7.00000E+00, 8.00000E+00, 8.00000E+00, 9.00000E+00, 9.00000E+00, 1.00000E+01, 1.00000E+01, 1.10000E+01, 1.10000E+01, 1.20000E+01, 1.20000E+01, 1.30000E+01, 1.30000E+01, 1.40000E+01, 1.40000E+01, 1.50000E+01, 1.50000E+01, 1.60000E+01, 1.60000E+01, 1.70000E+01, 1.70000E+01, 1.80000E+01, 1.80000E+01), base.treat=c(1.00000E+00, 1.00000E+00, 1.00000E+00, 1.00000E+00, 1.00000E+00, 1.00000E+00, 1.00000E+00, 1.00000E+00, 1.00000E+00, 1.00000E+00, 3.00000E+00, 3.00000E+00, 1.00000E+00, 1.00000E+00, 1.00000E+00, 1.00000E+00, 1.00000E+00, 1.00000E+00, 1.00000E+00, 1.00000E+00, 1.00000E+00, 1.00000E+00, 3.00000E+00, 3.00000E+00, 1.00000E+00, 1.00000E+00, 1.00000E+00, 1.00000E+00, 1.00000E+00, 1.00000E+00, 3.00000E+00, 3.00000E+00, 1.00000E+00, 1.00000E+00, 1.00000E+00, 1.00000E+00), treat=c(4.00000E+00, 1.00000E+00, 4.00000E+00, 1.00000E+00, 4.00000E+00, 1.00000E+00, 4.00000E+00, 1.00000E+00, 3.00000E+00, 1.00000E+00, 4.00000E+00, 3.00000E+00, 2.00000E+00, 1.00000E+00, 4.00000E+00, 1.00000E+00, 2.00000E+00, 1.00000E+00, 4.00000E+00, 1.00000E+00, 4.00000E+00, 1.00000E+00, 4.00000E+00, 3.00000E+00, 3.00000E+00, 1.00000E+00, 4.00000E+00, 1.00000E+00, 2.00000E+00, 1.00000E+00, 4.00000E+00, 3.00000E+00, 4.00000E+00, 1.00000E+00, 2.00000E+00, 1.00000E+00), R= structure(.Data= c(3.71200E+03, 4.64000E+02, 3.02000E+02, 3.40000E+01, 3.48000E+03, 5.59000E+02, 3.89000E+02, 7.40000E+01, 8.58400E+03, 7.41000E+02, 3.57000E+02, 5.87000E+02, 8.18600E+03, 8.00000E+02, 5.74000E+02, 7.07000E+02, 2.37100E+03, 2.04000E+02, 2.22000E+02, 9.40000E+01, 2.35300E+03, 1.84000E+02, 2.54000E+02, 1.22000E+02, 4.31900E+03, 4.71000E+02, 2.20000E+02, 1.60000E+02, 4.28500E+03, 4.79000E+02, 2.59000E+02, 1.62000E+02, 1.34200E+03, 5.30000E+01, 2.50000E+01, 8.00000E+00, 1.28700E+03, 6.20000E+01, 4.10000E+01, 2.00000E+01, 3.80600E+03, 1.91000E+02, 2.67000E+02, 1.75000E+02, 3.75300E+03, 1.97000E+02, 3.21000E+02, 1.78000E+02, 4.38100E+03, 2.46000E+02, 1.58000E+02, 1.10000E+02, 4.37000E+03, 2.30000E+02, 2.07000E+02, 9.30000E+01, 2.10600E+03, 1.76000E+02, 4.30000E+01, 4.00000E+01, 2.07300E+03, 1.72000E+02, 8.20000E+01, 3.90000E+01, 5.53000E+02, 1.40000E+02, 2.60000E+01, 6.40000E+01, 5.44000E+02, 1.30000E+02, 4.60000E+01, 6.50000E+01, 1.90500E+03, 1.52000E+02, 1.34000E+02, 3.00000E+01, 1.76000E+03, 1.93000E+02, 2.07000E+02, 6.30000E+01, 1.76600E+03, 1.56000E+02, 1.35000E+02, 2.40000E+01, 1.70900E+03, 1.58000E+02, 1.73000E+02, 3.80000E+01, 6.15000E+02, 2.60000E+01, 2.90000E+01, 6.00000E+00, 6.04000E+02, 3.10000E+01, 3.60000E+01, 4.00000E+00, 3.79500E+03, 5.30000E+01, 1.60000E+01, 2.00000E+00, 3.85700E+03, 7.60000E+01, 3.00000E+01, 3.00000E+00, 3.05300E+03, 6.80000E+01, 1.43000E+02, 3.80000E+01, 2.95400E+03, 8.30000E+01, 2.04000E+02, 5.20000E+01, 1.23100E+03, 1.43000E+02, 1.50000E+02, 1.80000E+01, 1.22400E+03, 1.35000E+02, 1.72000E+02, 1.70000E+01, 4.46800E+03, 1.83000E+02, 2.43000E+02, 1.01000E+02, 4.41600E+03, 1.55000E+02, 3.08000E+02, 1.27000E+02, 3.07200E+03, 6.90000E+01, 1.52000E+02, 1.10000E+01, 3.02400E+03, 6.20000E+01, 2.00000E+02, 1.50000E+01, 1.96100E+03, 3.90000E+01, 4.50000E+01, 6.00000E+00, 1.91700E+03, 3.40000E+01, 7.10000E+01, 8.00000E+00), .Dim=c(36, 4)), m.xi=c(0.00000E+00, 0.00000E+00, 0.00000E+00), R1= structure(.Data= c(1.00000E+00, 0.00000E+00, 0.00000E+00, 0.00000E+00, 1.00000E+00, 0.00000E+00, 0.00000E+00, 0.00000E+00, 1.00000E+00), .Dim=c(3, 3)), R2= structure(.Data= c(1.00000E-06, 0.00000E+00, 0.00000E+00, 0.00000E+00, 1.00000E-06, 0.00000E+00, 0.00000E+00, 0.00000E+00, 1.00000E-06), .Dim=c(3, 3)), R4= structure(.Data= c(1.00000E-06, 0.00000E+00, 0.00000E+00, 0.00000E+00, 1.00000E-06, 0.00000E+00, 0.00000E+00, 0.00000E+00, 1.00000E-06), .Dim=c(3, 3)), Md=c(0.00000E+00, 0.00000E+00, 0.00000E+00), MEta=c(0.00000E+00, 0.00000E+00, 0.00000E+00), x=c(0.00000E+00, 0.00000E+00, 0.00000E+00, 0.00000E+00, 0.00000E+00, 0.00000E+00, 0.00000E+00, 0.00000E+00, 0.00000E+00, 0.00000E+00, 0.00000E+00, 0.00000E+00, 0.00000E+00, 0.00000E+00, 0.00000E+00, 0.00000E+00, 0.00000E+00, 0.00000E+00, 0.00000E+00, 0.00000E+00, 0.00000E+00, 0.00000E+00, 0.00000E+00, 0.00000E+00, 0.00000E+00, 0.00000E+00, 0.00000E+00, 0.00000E+00, 0.00000E+00, 0.00000E+00, 0.00000E+00, 0.00000E+00, 0.00000E+00, 0.00000E+00, 0.00000E+00, 0.00000E+00))
