list(Eta= structure(.Data= c(-1.97614E+00, -2.38485E+00, -4.15025E+00, -2.48937E+00, -2.84801E+00, -2.62380E+00, -2.73484E+00, -2.38121E+00, -3.17638E+00, -2.30887E+00, -2.97733E+00, -3.47410E+00, -3.14419E+00, -3.58751E+00, -4.35393E+00, -3.10838E+00, -2.58308E+00, -3.21607E+00, -3.04461E+00, -3.15662E+00, -3.99758E+00, -2.58558E+00, -3.38316E+00, -4.16951E+00, -1.66511E+00, -2.85264E+00, -2.46962E+00, -2.39076E+00, -2.31264E+00, -3.59863E+00, -2.53887E+00, -2.43865E+00, -4.06498E+00, -3.12565E+00, -2.96203E+00, -5.37322E+00, -3.99334E+00, -4.96836E+00, -7.47493E+00, -3.71077E+00, -2.75363E+00, -4.20229E+00, -2.39324E+00, -2.11988E+00, -4.62240E+00, -3.48431E+00, -2.75420E+00, -3.69345E+00, -4.01999E+00, -2.77764E+00, -5.51877E+00, -4.15902E+00, -3.37791E+00, -5.70953E+00), .Dim=c(18, 3)), d= structure(.Data= c(    NA,     NA,     NA, 3.38501E-02, -4.62743E-01, -1.61260E-01, -1.55204E-01, -3.05160E-01, -3.93444E-01, -8.71465E-02, -3.78454E-01, -3.41721E-01), .Dim=c(4, 3)), Xi= structure(.Data= c(2.63695E-18, -2.20874E-18, 1.60653E-17, 2.63695E-18, -2.20874E-18, 1.60653E-17, 2.63695E-18, -2.20874E-18, 1.60653E-17, 2.63695E-18, -2.20874E-18, 1.60653E-17, 2.63695E-18, -2.20874E-18, 1.60653E-17, 2.63695E-18, -2.20874E-18, 1.60653E-17, 2.63695E-18, -2.20874E-18, 1.60653E-17, 2.63695E-18, -2.20874E-18, 1.60653E-17, 2.63695E-18, -2.20874E-18, 1.60653E-17, 2.63695E-18, -2.20874E-18, 1.60653E-17, 2.63695E-18, -2.20874E-18, 1.60653E-17, 2.63695E-18, -2.20874E-18, 1.60653E-17, 2.63695E-18, -2.20874E-18, 1.60653E-17, 2.63695E-18, -2.20874E-18, 1.60653E-17, 2.63695E-18, -2.20874E-18, 1.60653E-17, 2.63695E-18, -2.20874E-18, 1.60653E-17, 2.63695E-18, -2.20874E-18, 1.60653E-17, 2.63695E-18, -2.20874E-18, 1.60653E-17, 2.63695E-18, -2.20874E-18, 1.60653E-17, 2.63695E-18, -2.20874E-18, 1.60653E-17, 2.63695E-18, -2.20874E-18, 1.60653E-17, 2.63695E-18, -2.20874E-18, 1.60653E-17, 2.63695E-18, -2.20874E-18, 1.60653E-17, 2.63695E-18, -2.20874E-18, 1.60653E-17, 2.63695E-18, -2.20874E-18, 1.60653E-17, 2.63695E-18, -2.20874E-18, 1.60653E-17, 2.63695E-18, -2.20874E-18, 1.60653E-17, 2.63695E-18, -2.20874E-18, 1.60653E-17, 2.63695E-18, -2.20874E-18, 1.60653E-17, 2.63695E-18, -2.20874E-18, 1.60653E-17, 2.63695E-18, -2.20874E-18, 1.60653E-17, 2.63695E-18, -2.20874E-18, 1.60653E-17, 2.63695E-18, -2.20874E-18, 1.60653E-17, 2.63695E-18, -2.20874E-18, 1.60653E-17, 2.63695E-18, -2.20874E-18, 1.60653E-17, 2.63695E-18, -2.20874E-18, 1.60653E-17), .Dim=c(36, 3)), Prec= structure(.Data= c(    NA,     NA,     NA,     NA,     NA,     NA,     NA,     NA,     NA, 1.07640E-01, 0.00000E+00, 0.00000E+00, 0.00000E+00, 1.07640E-01, 0.00000E+00, 0.00000E+00, 0.00000E+00, 1.07640E-01, 1.07640E-01, 0.00000E+00, 0.00000E+00, 0.00000E+00, 1.07640E-01, 0.00000E+00, 0.00000E+00, 0.00000E+00, 1.07640E-01, 1.07640E-01, 0.00000E+00, 0.00000E+00, 0.00000E+00, 1.07640E-01, 0.00000E+00, 0.00000E+00, 0.00000E+00, 1.07640E-01,     NA,     NA,     NA,     NA,     NA,     NA,     NA,     NA,     NA,     NA,     NA,     NA,     NA,     NA,     NA,     NA,     NA,     NA, 1.07640E-01, 0.00000E+00, 0.00000E+00, 0.00000E+00, 1.07640E-01, 0.00000E+00, 0.00000E+00, 0.00000E+00, 1.07640E-01, 1.07640E-01, 0.00000E+00, 0.00000E+00, 0.00000E+00, 1.07640E-01, 0.00000E+00, 0.00000E+00, 0.00000E+00, 1.07640E-01,     NA,     NA,     NA,     NA,     NA,     NA,     NA,     NA,     NA,     NA,     NA,     NA,     NA,     NA,     NA,     NA,     NA,     NA,     NA,     NA,     NA,     NA,     NA,     NA,     NA,     NA,     NA, 1.07640E-01, 0.00000E+00, 0.00000E+00, 0.00000E+00, 1.07640E-01, 0.00000E+00, 0.00000E+00, 0.00000E+00, 1.07640E-01), .Dim=c(3, 4, 3, 3)))
