list(Eta= structure(.Data= c(-1.95355E+00, -2.35833E+00, -4.09164E+00, -2.47096E+00, -2.82653E+00, -2.60431E+00, -2.69675E+00, -2.34837E+00, -3.13013E+00, -2.28489E+00, -2.94545E+00, -3.43419E+00, -3.07924E+00, -3.50826E+00, -4.24133E+00, -3.07194E+00, -2.55411E+00, -3.17782E+00, -3.01084E+00, -3.12111E+00, -3.94523E+00, -2.54599E+00, -3.32696E+00, -4.08877E+00, -1.61710E+00, -2.77666E+00, -2.40486E+00, -2.35310E+00, -2.27615E+00, -3.53473E+00, -2.49749E+00, -2.39895E+00, -3.98312E+00, -3.03371E+00, -2.87639E+00, -5.12247E+00, -3.93543E+00, -4.87672E+00, -7.18614E+00, -3.65519E+00, -2.71748E+00, -4.13239E+00, -2.34820E+00, -2.07944E+00, -4.50046E+00, -3.44352E+00, -2.72479E+00, -3.64851E+00, -3.95589E+00, -2.74116E+00, -5.38938E+00, -4.07254E+00, -3.31751E+00, -5.53240E+00), .Dim=c(18, 3)), d= structure(.Data= c(    NA,     NA,     NA, 9.02755E-02, -3.75553E-01, -1.97245E-02, -1.03425E-01, -2.25149E-01, -2.63562E-01, -4.83118E-02, -3.18446E-01, -2.44310E-01), .Dim=c(4, 3)), Xi= structure(.Data= c(2.63695E-18, -2.20874E-18, 1.60653E-17, 2.63695E-18, -2.20874E-18, 1.60653E-17, 2.63695E-18, -2.20874E-18, 1.60653E-17, 2.63695E-18, -2.20874E-18, 1.60653E-17, 2.63695E-18, -2.20874E-18, 1.60653E-17, 2.63695E-18, -2.20874E-18, 1.60653E-17, 2.63695E-18, -2.20874E-18, 1.60653E-17, 2.63695E-18, -2.20874E-18, 1.60653E-17, 2.63695E-18, -2.20874E-18, 1.60653E-17, 2.63695E-18, -2.20874E-18, 1.60653E-17, 2.63695E-18, -2.20874E-18, 1.60653E-17, 2.63695E-18, -2.20874E-18, 1.60653E-17, 2.63695E-18, -2.20874E-18, 1.60653E-17, 2.63695E-18, -2.20874E-18, 1.60653E-17, 2.63695E-18, -2.20874E-18, 1.60653E-17, 2.63695E-18, -2.20874E-18, 1.60653E-17, 2.63695E-18, -2.20874E-18, 1.60653E-17, 2.63695E-18, -2.20874E-18, 1.60653E-17, 2.63695E-18, -2.20874E-18, 1.60653E-17, 2.63695E-18, -2.20874E-18, 1.60653E-17, 2.63695E-18, -2.20874E-18, 1.60653E-17, 2.63695E-18, -2.20874E-18, 1.60653E-17, 2.63695E-18, -2.20874E-18, 1.60653E-17, 2.63695E-18, -2.20874E-18, 1.60653E-17, 2.63695E-18, -2.20874E-18, 1.60653E-17, 2.63695E-18, -2.20874E-18, 1.60653E-17, 2.63695E-18, -2.20874E-18, 1.60653E-17, 2.63695E-18, -2.20874E-18, 1.60653E-17, 2.63695E-18, -2.20874E-18, 1.60653E-17, 2.63695E-18, -2.20874E-18, 1.60653E-17, 2.63695E-18, -2.20874E-18, 1.60653E-17, 2.63695E-18, -2.20874E-18, 1.60653E-17, 2.63695E-18, -2.20874E-18, 1.60653E-17, 2.63695E-18, -2.20874E-18, 1.60653E-17, 2.63695E-18, -2.20874E-18, 1.60653E-17, 2.63695E-18, -2.20874E-18, 1.60653E-17), .Dim=c(36, 3)), Prec= structure(.Data= c(    NA,     NA,     NA,     NA,     NA,     NA,     NA,     NA,     NA, 6.32598E-02, 0.00000E+00, 0.00000E+00, 0.00000E+00, 6.32598E-02, 0.00000E+00, 0.00000E+00, 0.00000E+00, 6.32598E-02, 6.32598E-02, 0.00000E+00, 0.00000E+00, 0.00000E+00, 6.32598E-02, 0.00000E+00, 0.00000E+00, 0.00000E+00, 6.32598E-02, 6.32598E-02, 0.00000E+00, 0.00000E+00, 0.00000E+00, 6.32598E-02, 0.00000E+00, 0.00000E+00, 0.00000E+00, 6.32598E-02,     NA,     NA,     NA,     NA,     NA,     NA,     NA,     NA,     NA,     NA,     NA,     NA,     NA,     NA,     NA,     NA,     NA,     NA, 6.32598E-02, 0.00000E+00, 0.00000E+00, 0.00000E+00, 6.32598E-02, 0.00000E+00, 0.00000E+00, 0.00000E+00, 6.32598E-02, 6.32598E-02, 0.00000E+00, 0.00000E+00, 0.00000E+00, 6.32598E-02, 0.00000E+00, 0.00000E+00, 0.00000E+00, 6.32598E-02,     NA,     NA,     NA,     NA,     NA,     NA,     NA,     NA,     NA,     NA,     NA,     NA,     NA,     NA,     NA,     NA,     NA,     NA,     NA,     NA,     NA,     NA,     NA,     NA,     NA,     NA,     NA, 6.32598E-02, 0.00000E+00, 0.00000E+00, 0.00000E+00, 6.32598E-02, 0.00000E+00, 0.00000E+00, 0.00000E+00, 6.32598E-02), .Dim=c(3, 4, 3, 3)))
