list(Eta= structure(.Data= c(-1.99874E+00, -2.41137E+00, -4.20885E+00, -2.50777E+00, -2.86949E+00, -2.64329E+00, -2.77292E+00, -2.41405E+00, -3.22263E+00, -2.33285E+00, -3.00920E+00, -3.51401E+00, -3.20913E+00, -3.66676E+00, -4.46654E+00, -3.14482E+00, -2.61205E+00, -3.25432E+00, -3.07838E+00, -3.19213E+00, -4.04992E+00, -2.62517E+00, -3.43936E+00, -4.25024E+00, -1.71312E+00, -2.92862E+00, -2.53438E+00, -2.42843E+00, -2.34914E+00, -3.66254E+00, -2.58025E+00, -2.47835E+00, -4.14684E+00, -3.21759E+00, -3.04768E+00, -5.62396E+00, -4.05125E+00, -5.05999E+00, -7.76371E+00, -3.76636E+00, -2.78977E+00, -4.27218E+00, -2.43828E+00, -2.16032E+00, -4.74434E+00, -3.52511E+00, -2.78361E+00, -3.73839E+00, -4.08410E+00, -2.81412E+00, -5.64816E+00, -4.24549E+00, -3.43832E+00, -5.88665E+00), .Dim=c(18, 3)), d= structure(.Data= c(    NA,     NA,     NA, 1.46701E-01, -2.88363E-01, 1.21811E-01, -5.16450E-02, -1.45138E-01, -1.33680E-01, -9.47719E-03, -2.58438E-01, -1.46898E-01), .Dim=c(4, 3)), Xi= structure(.Data= c(2.63695E-18, -2.20874E-18, 1.60653E-17, 2.63695E-18, -2.20874E-18, 1.60653E-17, 2.63695E-18, -2.20874E-18, 1.60653E-17, 2.63695E-18, -2.20874E-18, 1.60653E-17, 2.63695E-18, -2.20874E-18, 1.60653E-17, 2.63695E-18, -2.20874E-18, 1.60653E-17, 2.63695E-18, -2.20874E-18, 1.60653E-17, 2.63695E-18, -2.20874E-18, 1.60653E-17, 2.63695E-18, -2.20874E-18, 1.60653E-17, 2.63695E-18, -2.20874E-18, 1.60653E-17, 2.63695E-18, -2.20874E-18, 1.60653E-17, 2.63695E-18, -2.20874E-18, 1.60653E-17, 2.63695E-18, -2.20874E-18, 1.60653E-17, 2.63695E-18, -2.20874E-18, 1.60653E-17, 2.63695E-18, -2.20874E-18, 1.60653E-17, 2.63695E-18, -2.20874E-18, 1.60653E-17, 2.63695E-18, -2.20874E-18, 1.60653E-17, 2.63695E-18, -2.20874E-18, 1.60653E-17, 2.63695E-18, -2.20874E-18, 1.60653E-17, 2.63695E-18, -2.20874E-18, 1.60653E-17, 2.63695E-18, -2.20874E-18, 1.60653E-17, 2.63695E-18, -2.20874E-18, 1.60653E-17, 2.63695E-18, -2.20874E-18, 1.60653E-17, 2.63695E-18, -2.20874E-18, 1.60653E-17, 2.63695E-18, -2.20874E-18, 1.60653E-17, 2.63695E-18, -2.20874E-18, 1.60653E-17, 2.63695E-18, -2.20874E-18, 1.60653E-17, 2.63695E-18, -2.20874E-18, 1.60653E-17, 2.63695E-18, -2.20874E-18, 1.60653E-17, 2.63695E-18, -2.20874E-18, 1.60653E-17, 2.63695E-18, -2.20874E-18, 1.60653E-17, 2.63695E-18, -2.20874E-18, 1.60653E-17, 2.63695E-18, -2.20874E-18, 1.60653E-17, 2.63695E-18, -2.20874E-18, 1.60653E-17, 2.63695E-18, -2.20874E-18, 1.60653E-17, 2.63695E-18, -2.20874E-18, 1.60653E-17), .Dim=c(36, 3)), Prec= structure(.Data= c(    NA,     NA,     NA,     NA,     NA,     NA,     NA,     NA,     NA, 4.16157E-02, 0.00000E+00, 0.00000E+00, 0.00000E+00, 4.16157E-02, 0.00000E+00, 0.00000E+00, 0.00000E+00, 4.16157E-02, 4.16157E-02, 0.00000E+00, 0.00000E+00, 0.00000E+00, 4.16157E-02, 0.00000E+00, 0.00000E+00, 0.00000E+00, 4.16157E-02, 4.16157E-02, 0.00000E+00, 0.00000E+00, 0.00000E+00, 4.16157E-02, 0.00000E+00, 0.00000E+00, 0.00000E+00, 4.16157E-02,     NA,     NA,     NA,     NA,     NA,     NA,     NA,     NA,     NA,     NA,     NA,     NA,     NA,     NA,     NA,     NA,     NA,     NA, 4.16157E-02, 0.00000E+00, 0.00000E+00, 0.00000E+00, 4.16157E-02, 0.00000E+00, 0.00000E+00, 0.00000E+00, 4.16157E-02, 4.16157E-02, 0.00000E+00, 0.00000E+00, 0.00000E+00, 4.16157E-02, 0.00000E+00, 0.00000E+00, 0.00000E+00, 4.16157E-02,     NA,     NA,     NA,     NA,     NA,     NA,     NA,     NA,     NA,     NA,     NA,     NA,     NA,     NA,     NA,     NA,     NA,     NA,     NA,     NA,     NA,     NA,     NA,     NA,     NA,     NA,     NA, 4.16157E-02, 0.00000E+00, 0.00000E+00, 0.00000E+00, 4.16157E-02, 0.00000E+00, 0.00000E+00, 0.00000E+00, 4.16157E-02), .Dim=c(3, 4, 3, 3)))
